26 2 28 5 14 33 17 24 23 35 39 36 44 10 45 50 20 29 8 48 40 16 32 30 42 41 49 43 3 4 46 37 19 7 9 47 1 11 22 6 18 31 34 13 15 25 21 12 27 38
1 27 25 48 22 47 21 46 20 45 19 44 18 43 17 42 16 28 2 29 3 30 4 31 5 32 6 33 7 34 8 35 9 36 10 37 11 38 12 39 13 40 14 41 15 49 23 50 24 26
17 43 24 35 1 7 29 12 38 9 37 18 48 20 34 5 30 22 42 21 47 6 28 10 41 14 32 25 31 13 36 8 33 11 50 23 44 3 40 19 46 26 2 27 4 45 16 39 15 49
10 24 1 26 45 14 2 37 46 28 18 4 5 12 41 27 9 20 42 7 32 34 16 6 25 3 49 30 29 21 38 40 47 13 31 8 35 22 23 43 39 44 33 50 36 19 11 15 17 48
37 47 49 23 41 29 46 26 48 21 28 43 7 15 30 34 19 42 13 5 8 10 11 36 3 44 2 39 25 50 40 14 27 20 17 4 24 32 6 1 35 31 12 22 38 16 33 18 9 45
10 12 8 6 14 16 5 4 15 3 7 13 1 2 9 11
4 3 36 13 47 45 17 2 50 37 10 8 32 49 12 38 42 19 5 28 1 22 30 14 24 34 27 18 43 23 20 31 11 39 26 15 21 29 40 7 44 6 16 33 25 35 48 9 46 41
20 39 12 49 23 13 15 7 33 44 8 32 36 16 34 14 43 31 30 35 47 2 24 41 46 3 9 18 45 22 40 48 11 27 6 28 10 19 17 26 38 29 5 4 37 50 21 1 25 42
1 29 28 27 26 25 24 23 22 21 20 19 18 17 16 15 14 13 12 11 10 9 8 7 6 5 4 3 2 30
37 47 48 45 30 32 31 43 50 33 42 25 35 28 41 22 44 29 19 20 1 10 6 7 15 2 12 3 16 39 38 17 18 11 14 5 4 8 9 13 24 34 21 26 23 40 36 27 49 46
2 1 4 3 5 6 7 8
25 31 2 15 4 28 11 13 19 21 43 7 49 17 10 37 22 47 9 48 30 26 39 44 32 33 8 23 3 42 18 27 36 5 24 40 41 1 14 50 6 16 12 45 38 20 34 46 29 35
7 47 39 9 45 6 32 43 2 25 30 46 24 38 13 26 16 33 49 5 31 15 41 10 18 44 42 8 50 29 23 21 37 48 4 35 14 34 1 12 27 19 3 28 17 11 40 36 22 20
14 50 45 18 21 40 43 37 47 23 49 30 26 44 15 9 1 36 25 42 41 32 35 8 16 4 38 34 3 27 29 48 46 28 5 13 24 31 22 6 17 7 12 2 20 10 19 11 33 39
28 25 30 49 33 29 42 20 22 39 15 5 4 2 50 6 45 48 10 41 14 8 3 44 27 23 31 21 34 43 11 37 16 26 36 46 19 7 17 13 40 35 24 1 9 32 12 38 18 47
2 25 50 38 6 49 16 29 32 24 48 12 22 26 46 21 1 44 47 3 34 9 28 37 18 20 41 13 35 17 31 14 23 45 19 36 33 8 30 5 27 11 7 40 43 10 39 42 15 4
26 38 45 17 30 23 8 40 9 50 33 20 48 21 11 44 37 14 7 41 6 49 28 39 13 34 27 2 36 3 15 32 22 5 35 16 12 25 10 29 47 24 43 18 31 4 19 42 1 46
26 27 10 11 19 42 43 22 15 3 39 46 35 34 2 6 47 48 4 5 41 40 44 45 33 32 36 37 25 24 28 29 17 16 20 21 9 8 12 13 1 30 23 7 14 18 31 38
1 6 2 5 3 4
4 39 50 27 45 37 21 17 32 22 46 9 38 42 25 26 35 2 34 16 7 24 49 10 43 36 15 13 29 18 40 47 20 23 30 12 33 31 6 1 14 41 44 19 8 5 3 11 28 48
4 28 21 31 9 14 44 26 3 1 33 6 36 15 38 24 8 39 7 37 48 10 35 42 19 43 16 46 20 27 30 23 2 34 12 5 40 18 29 47 17 25 32 22 49 50 13 11 45 41
17 12 14 15 24 34 6 32 21 28 26 11 39 1 41 30 29 2 44 9 42 3 13 37 8 35 27 20 38 18 33 36 19 10 16 31 25 7 40 22 23 5 4 43
1 2 3 4 5 6 7 8 9 10 11 12 13 14 15 16 17 18 19 20 21 22 23 24 25 26 27 28 29 30 31 32 33 34 35 36 37 38 39 40 41 42 43 44 45 46 47 48 49 50
17 4 6 15 16 3 8 9 26 24 7 1 2 25 5 10 11 19 18 20 14 13 12 21 22 23
7 13 10 12 5 17 14 4 9 18 2 3 1 20 6 15 8 16 11 19
7 43 3 2 21 41 27 40 11 6 13 1 8 42 45 38 33 23 32 47 4 46 12 10 28 37 18 25 20 50 36 35 49 29 22 16 34 19 9 44 30 31 15 24 5 14 26 39 17 48
5 8 13 36 6 26 21 37 27 42 18 1 22 39 12 7 45 32 3 34 41 4 16 44 43 47 9 48 49 28 14 25 33 31 40 2 20 24 11 29 10 46 15 19 50 35 30 38 23 17
40 18 5 15 37 19 12 22 4 39 27 9 31 10 7 8 29 28 13 14 35 38 49 16 41 6 30 21 1 50 44 46 11 3 20 45 24 42 23 32 26 17 36 34 25 43 33 2 48 47
26 17 49 12 28 3 34 11 9 46 14 16 44 8 47 22 38 5 25 4 36 2 45 43 24 19 40 33 13 41 39 6 31 27 15 30 10 29 7 50 48 42 23 37 20 21 18 1 32 35
36 28 21 15 10 4 3 6 5 39 27 34 20 45 19 33 29 48 31 16 32 11 47 42 23 7 14 18 2 26 9 13 44 49 37 25 35 8 24 38 41 46 1 30 43 17 22 12 40 50
32 20 24 27 39 26 15 19 5 38 4 33 43 30 47 36 14 7 16 3 9 31 18 42 28 48 17 1 40 2 22 21 6 10 41 29 37 23 46 25 44 35 8 13 50 11 34 12 45 49
39 38 36 33 32 29 27 26 7 6 4 1 2 3 5 8 9 10 31 30 28 25 24 21 20 17 16 13 12 48 45 43 42 18 23 22 11 19 14 15 34 35 37 40 41 44 46 47
10 35 23 21 6 48 20 11 18 24 19 46 8 1 4 29 12 27 41 26 28 40 25 16 38 49 30 43 42 32 22 13 34 39 17 33 45 3 50 2 31 9 44 5 14 15 47 36 7 37
5 46 7 44 16 13 10 41 11 23 47 14 25 34 36 30 15 4 39 37 20 48 8 2 31 43 32 50 21 24 3 17 42 40 6 33 26 35 19 9 28 27 22 49 1 45 18 38 12 29
9 23 24 42 1 30 15 8 4 17 38 14 25 6 33 18 37 49 36 29 32 41 26 35 43 50 11 39 20 46 31 10 48 27 5 34 40 13 47 28 21 7 16 12 45 3 2 19 44 22
24 20 21 17 18 23 22 30 29 25 26 31 32 28 27 7 8 4 3 2 1 5 13 9 10 15 16 12 11 35 19 6 43 44 48 47 42 41 45 46 14 38 39 34 33 37 36 40
14 11 15 8 10 3 13 5 4 9 2 7 6 12 1 19 38 21 44 45 32 43 36 42 49 25 34 18 40 48 29 33 37 22 47 23 16 28 39 20 31 46 27 24 30 26 35 17 50 41
5 7 4 1 2 9 10 3 6 8 11 12 20 19 17 15 14 13 16 18 21 30 29 27 24 23 26 28 25 22
22 5 33 29 4 20 28 31 24 38 47 11 45 42 2 12 35 36 15 49 8 9 32 50 7 19 37 23 17 43 10 1 48 26 18 27 21 6 46 41 25 30 34 3 13 39 16 14 40 44
12 22 44 27 23 35 14 42 15 16 33 41 45 17 10 26 4 1 40 3 29 34 39 38 24 6 31 30 20 5 36 46 47 9 11 48 8 50 21 7 25 28 19 18 49 2 13 43 32 37
35 17 20 19 22 4 1 18 12 29 36 33 49 6 45 50 21 38 3 24 26 9 14 30 5 10 28 11 44 16 13 39 40 37 48 47 7 8 2 27 43 46 15 42 25 34 23 32 31 41
38 12 2 25 39 45 10 35 30 33 34 47 37 46 20 40 48 16 13 41 26 28 8 43 3 21 44 14 11 36 9 24 18 22 1 6 29 31 17 5 27 23 19 7 50 32 49 15 4 42
5 39 49 18 40 11 45 6 26 47 24 3 7 2 36 46 14 27 42 15 20 1 28 41 44 4 23 21 12 29 33 17 31 22 30 32 13 50 25 19 35 8 9 10 43 34 37 16 38 48
2 1 5 8 10 7 3 6 4 9
12 11 50 49 20 18 41 42 17 19 47 48 13 14 44 43 23 26 25 22 28 2 1 38 35 15 16 40 39 8 7 36 37 10 30 21 29 9 6 31 32 4 3 27 5 33 34 24 45 46
40 37 26 27 3 49 13 7 20 44 8 24 18 14 39 19 33 45 34 17 10 1 11 5 38 47 46 23 35 25 43 50 32 30 31 42 16 28 21 4 36 15 6 29 41 12 9 2 22 48
11 23 43 50 28 46 33 38 18 21 47 26 9 19 24 30 14 45 10 27 15 34 29 49 36 8 22 3 13 35 48 6 42 4 39 20 40 17 1 32 25 5 16 2 31 7 12 37 41 44
13 12 3 8 46 38 19 4 24 22 16 15 14 1 31 28 20 34 27 11 35 21 37 48 50 29 42 6 45 49 25 47 41 36 7 44 5 10 33 30 23 40 26 9 39 43 32 2 17 18
15 17 9 18 3 4 16 43 6 20 10 31 29 41 23 2 19 8 33 45 21 34 22 5 49 50 1 40 48 47 37 42 24 44 30 25 36 14 28 27 39 35 13 32 38 26 7 11 12 46
9 18 20 19 43 13 47 3 28 8 23 27 39 1 4 11 29 12 44 25 10 35 37 32 33 2 17 42 49 22 31 21 36 48 30 38 24 50 40 5 7 6 34 15 46 14 45 16 26 41
3 15 25 42 20 6 4 21 23 35 7 27 1 33 44 5 45 47 46 31 10 9 39 11 40 30 19 36 49 26 8 22 2 14 38 24 13 43 50 28 16 34 41 17 18 32 29 12 48 37
19 11 44 42 18 17 46 27 10 13 16 43 29 47 38 9 24 36 28 34 22 25 33 21 20 48 50 4 1 15 23 26 39 14 6 12 45 5 2 41 31 32 37 7 40 8 35 3 30 49
10 46 35 29 33 37 28 9 5 3 50 15 4 36 44 49 31 43 21 47 2 32 48 25 39 27 17 12 19 11 13 6 42 22 1 14 26 40 7 23 41 18 20 24 8 34 38 30 45 16
1 7 17 10 19 22 20 6 18 12 2 8 4 21 9 16 11 15 5 13 3 14
47 46 11 15 14 39 38 37 33 32 28 27 26 7 6 5 1 2 3 4 8 9 13 12 16 17 21 20 24 25 29 30 31 19 18 22 23 10 34 35 36 40 43 42 41 45 44 48
2 11 39 30 37 24 43 40 18 17 25 47 8 27 19 38 33 50 10 23 13 4 42 49 45 32 36 44 48 41 46 26 12 5 29 21 14 20 22 34 9 28 1 35 7 31 16 15 6 3
1 2 4 3
3 4 10 2 8 5 9 1 7 6
8 4 3 9 5 7 6 1 2 10 13 14 18 11 16 17 15 12 19 20 22 21 26 27 25 24 28 23 29 30 35 34 38 37 31 36 32 33 39 40 45 44 48 43 49 50 42 41 46 47
4 48 27 50 49 2 7 8 26 40 43 12 6 18 41 24 3 47 19 17 29 21 44 5 46 37 36 30 45 22 16 10 39 13 15 14 9 1 28 32 34 23 33 42 11 20 25 31 38 35
14 48 37 20 11 17 45 1 31 19 50 32 39 21 33 36 3 13 47 40 41 4 24 9 10 43 23 8 42 15 49 22 28 18 46 7 12 26 29 25 5 2 34 35 44 6 30 27 16 38
23 24 48 49 7 8 32 33 5 6 30 31 17 18 42 43 15 16 40 41 13 14 38 39 11 12 36 37 9 10 29 50 19 20 44 45 21 22 46 47 1 25 27 26 2 28 4 3 34 35
33 25 2 30 11 4 26 8 42 12 23 44 15 19 3 10 28 27 29 47 48 21 31 7 18 17 24 38 32 39 13 20 1 9 36 35 16 6 40 41 43 22 50 46 34 5 45 14 37 49
3 1 2 4
25 21 46 35 15 38 49 23 40 31 18 2 41 7 37 44 16 22 28 45 17 1 26 33 14 4 43 32 20 50 3 42 9 39 12 11 30 8 34 5 48 6 10 47 13 24 36 19 29 27
9 10 27 28 29 30 31 32 33 35 34 38 39 46 47 48 1 37 36 13 11 50 49 40 8 7 6 5 4 41 42 43 44 2 3 12 45 14 15 16 17 18 19 20 21 22 23 24 25 26
21 19 28 12 7 38 16 6 13 23 8 33 29 37 30 20 24 1 34 26 18 31 9 22 36 5 35 32 11 27 14 3 4 15 17 25 39 2 10 40
36 34 3 6 11 9 24 22 1 18 20 37 39 10 12 49 40 38 7 5 16 14 27 25 44 42 19 17 8 23 21 48 46 35 33 4 50 15 13 32 30 43 41 28 26 31 29 2 45 47
3 19 2 20 27 16 8 12 36 17 48 5 41 49 6 4 21 23 44 29 7 14 32 31 37 34 46 39 33 50 13 22 30 43 18 45 10 24 47 28 42 25 35 38 1 26 15 9 11 40
35 50 44 14 26 43 1 42 6 7 4 38 18 28 48 5 27 36 17 46 34 13 11 8 16 2 30 23 37 25 24 47 45 12 29 31 19 39 41 20 40 9 21 33 10 32 3 22 15 49
4 6 1 8 5 2 7 10 3 9
17 13 14 22 21 25 50 15 16 20 19 18 10 11 12 9 3 2 4 1 8 7 6 5 48 47 46 45 23 24 28 27 26 33 29 30 31 32 36 35 34 41 37 38 39 40 44 43 42 49
10 8 41 50 29 46 36 31 12 11 45 16 24 17 28 38 32 6 34 23 9 33 4 20 2 27 49 37 47 14 19 42 40 7 13 43 3 21 15 30 25 48 35 44 1 26 5 39 18 22
39 38 24 20 21 17 18 19 14 15 16 12 13 9 10 32 28 29 25 26 27 6 43 47 46 11 30 31 3 2 1 5 4 8 7 42 41 45 44 48 22 23 35 34 33 37 36 40
7 16 17 2 11 15 12 5 6 1 18 13 8 14 10 3 4 9
14 7 20 17 4 11 28 1 2 13 18 12 6 16 19 25 27 8 21 5 10 26 9 3 24 22 15 23
10 7 6 27 34 33 18 17 16 13 19 30 11 31 26 4 29 23 2 24 39 9 12 5 37 8 36 25 38 28 21 3 22 1 15 32 40 35 14 20
29 34 13 32 21 31 23 27 42 44 12 11 48 22 47 39 8 20 14 10 24 46 7 30 38 15 45 2 18 9 35 28 6 26 4 5 37 49 16 43 17 33 36 19 1 25 40 3 41 50
23 16 48 25 45 1 21 11 32 28 20 2 6 18 31 36 24 33 37 8 44 4 41 15 40 29 19 22 12 50 42 43 3 46 38 5 30 17 27 26 34 10 9 47 13 35 14 39 7 49
42 36 23 10 14 49 32 44 25 27 4 19 41 6 7 8 39 33 20 43 28 47 16 38 29 2 13 3 12 48 37 11 34 15 9 18 40 31 17 26 50 35 5 24 1 30 21 45 22 46
17 7 42 25 8 38 33 19 4 26 32 9 13 36 43 22 23 48 50 1 30 28 15 31 2 3 29 47 21 6 49 27 16 12 45 44 24 5 40 46 10 39 41 11 37 18 35 34 14 20
11 35 3 38 18 48 17 45 22 23 29 25 42 47 8 49 24 9 44 33 14 10 40 4 34 32 16 31 5 21 43 1 30 50 19 37 7 41 36 13 12 28 2 39 6 26 20 27 15 46
2 12 11 16 30 25 29 40 35 38 36 19 47 50 15 45 46 21 49 10 18 9 37 48 39 33 32 27 3 14 6 5 8 24 7 34 13 20 28 23 42 31 17 26 22 1 4 44 41 43
9 28 1 16 50 2 14 37 40 20 48 23 34 10 43 30 17 44 6 46 26 13 7 35 31 12 24 49 19 25 41 36 5 15 27 42 22 21 29 18 11 47 3 38 45 4 32 33 8 39
31 2 41 43 7 37 19 13 21 24 18 16 8 6 3 44 22 47 11 30 40 34 17 32 25 29 35 20 14 10 42 12 26 33 27 36 15 5 9 46 23 45 28 39 1 4 48 50 49 38
29 26 25 22 28 27 23 2 7 3 6 9 5 4 8 11 10 13 12 15 14 17 16 19 18 21 20 24 1 30
8 4 5 7 50 6 2 3 9 10 13 14 18 11 16 17 15 12 19 20 22 21 26 27 25 24 28 23 29 30 35 34 38 37 31 36 32 33 39 40 45 44 48 43 49 1 42 41 46 47
35 14 1 31 4 40 43 8 37 2 41 19 16 30 48 26 6 10 3 38 50 44 33 25 39 12 9 46 36 18 7 29 15 5 28 32 34 45 27 22 11 24 23 13 20 42 17 21 47 49
2 5 6 1 3 4
10 9 27 19 47 22 8 12 14 34 36 18 50 5 23 45 25 49 3 35 38 6 13 33 48 41 21 2 39 42 31 24 11 1 44 29 30 32 7 20 46 28 26 43 15 37 4 16 40 17
30 9 32 19 39 41 11 34 33 26 4 7 27 15 13 6 48 47 21 31 2 45 29 1 3 14 8 17 36 49 23 5 28 46 38 50 25 40 35 16 18 24 37 12 10 20 22 42 43 44
17 1 26 6 29 31 9 14 21 24 12 30 15 11 13 10 19 20 5 4 23 28 8 18 16 2 3 25 7 22 27 32
15 45 40 27 12 8 26 36 48 37 13 25 41 11 1 19 20 21 2 7 6 38 29 46 18 49 47 33 24 34 50 28 10 23 35 4 22 43 17 9 14 5 32 16 44 30 39 3 42 31
3 4 8 7 2 1 5 6 
26 5 10 40 16 2 47 8 50 34 44 31 1 20 43 29 48 36 4 33 27 24 22 37 14 21 3 6 7 18 49 25 35 23 15 11 41 13 19 9 12 38 28 30 17 45 42 46 32 39
28 19 4 37 10 33 14 20 30 6 16 29 5 44 35 2 3 39 8 43 42 22 23 49 27 11 38 50 17 7 32 46 24 36 47 1 34 48 25 15 41 13 26 40 12 21 45 9 18 31
6 18 35 12 42 19 44 5 28 17 3 33 11 7 46 14 29 31 21 20 4 26 2 48 37 38 40 24 27 36 49 16 34 23 25 50 9 45 1 8 41 47 13 32 30 39 22 10 43 15
39 34 48 42 10 40 9 50 21 26 23 15 33 32 38 35 16 22 4 30 6 43 27 36 18 20 31 37 13 7 17 24 3 25 1 41 44 46 2 11 8 29 5 14 45 19 49 12 28 47
6 5 10 2 14 13 1 11 12 4 15 16 3 9 8 7
1 6 10 2 7 8 5 4 9 3
4 3 8 7 2 1 6 5
8 6 4 3 7 2 1 5 10 9
26 32 40 31 38 6 23 41 15 47 37 35 43 22 29 13 44 7 1 18 36 17 48 4 33 11 14 16 20 27 42 12 39 3 25 45 24 46 28 10 5 19 2 9 8 21 34 30
4 36 14 10 9 40 2 37 1 26 24 3 49 43 13 23 12 22 46 38 50 11 20 44 32 35 15 34 39 21 8 16 5 41 45 18 33 7 42 28 19 17 48 31 25 30 47 27 6 29
49 46 43 41 38 35 32 29 26 24 21 23 20 18 15 12 9 7 6 3 4 1 2 5 8 11 10 13 14 17 16 19 22 25 28 31 34 37 40 45 48 27 30 33 36 39 42 44 47 50
36 24 16 25 41 43 13 18 11 26 21 44 9 4 39 30 15 6 14 37 23 1 47 8 2 17 35 50 49 33 46 3 22 32 28 27 34 19 7 12 20 31 38 5 10 29 42 40 48 45
11 19 4 34 23 49 26 24 17 3 48 14 41 5 8 33 15 20 50 7 42 13 46 47 6 32 25 9 10 1 38 28 45 16 30 37 44 18 27 35 40 31 12 22 43 39 2 29 36 21
26 30 35 39 28 12 16 36 37 4 24 45 7 1 3 34 32 9 31 8 42 22 14 11 18 23 48 13 29 44 49 10 15 25 40 38 41 19 20 6 46 33 2 43 27 21 5 17 50 47
2 1 15 12 5 11 21 8 20 22 3 17 18 4 9 16 14 6 13 19 7 10
30 11 12 19 14 18 35 40 31 39 36 32 33 34 37 38 3 6 4 5 7 2 9 10 22 25 28 23 29 26 24 27 21 1 8 13 17 16 15 20 45 44 42 47 41 50 43 48 49 46
3 2 6 1 5 4
15 16 13 11 22 6 7 8 5 3 2 1 4 10 9 12 14 19 18 17 20 21 24 23
14 18 26 25 28 13 36 34 3 4 1 2 7 6 8 17 5 9 10 41 45 44 43 47 38 40 21 35 27 33 30 50 49 42 37 39 29 23 31 19 24 22 16 46 32 48 11 12 15 20
23 24 13 8 7 39 37 14 12 9 15 16 29 31 46 27 28 38 42 49 48 18 19 43 44 10 11 35 36 4 6 17 21 3 2 5 25 26 1 50 30 33 32 22 20 41 40 34 45 47
16 35 44 43 6 27 37 15 7 41 36 33 13 21 18 24 39 32 11 9 42 26 50 4 34 5 1 8 46 17 40 22 25 14 31 38 12 49 19 48 2 30 23 45 47 20 28 3 10 29
6 29 5 9 45 13 16 49 38 37 17 39 15 32 23 14 7 18 24 34 2 36 22 42 50 11 40 33 4 26 35 21 28 1 20 48 46 44 25 12 41 8 3 19 10 43 47 30 31 27
8 5 18 13 16 7 6 14 15 4 2 19 20 12 3 10 17 11 1 9
46 19 6 31 21 48 28 29 44 23 40 38 11 20 27 14 15 8 9 4 12 16 36 30 10 25 5 26 33 24 37 7 18 32 39 2 1 22 17 45 3 42 43 35 34 13 41 47
37 8 35 41 16 1 2 39 11 18 26 14 46 20 30 3 33 12 44 32 9 29 43 10 25 4 24 40 36 6 5 23 17 27 7 28 21 19 47 22 15 38 49 13 45 42 50 31 34 48
11 29 36 18 37 32 2 44 30 17 39 14 42 49 15 34 25 45 28 1 38 23 27 13 41 12 8 16 3 6 46 10 5 31 20 33 19 22 43 40 26 9 4 50 7 24 35 21 47 48
26 11 16 34 46 21 24 38 12 32 39 33 30 23 22 1 8 36 20 7 37 5 29 45 18 9 41 14 27 6 25 43 2 40 48 47 42 17 31 50 15 19 4 44 10 13 3 28 49 35
3 29 18 21 19 17 11 34 10 6 40 9 7 26 38 31 35 30 22 1 13 25 36 12 33 32 4 5 16 2 15 37 20 14 23 28 39 24 27 8
3 40 4 50 24 43 38 15 37 8 1 21 42 44 23 27 39 28 36 31 14 17 6 16 34 26 32 19 7 35 49 2 9 25 30 45 13 48 22 18 47 46 12 33 11 5 10 29 20 41
38 23 36 31 28 12 22 40 13 48 17 43 33 49 5 11 30 16 15 32 24 37 8 42 50 1 29 34 35 7 9 41 25 20 3 27 46 47 4 19 14 44 18 39 2 21 26 6 10 45
14 50 45 18 21 40 43 37 47 23 49 30 26 44 15 9 1 36 25 42 41 32 35 8 16 4 38 34 3 27 29 48 46 28 5 13 24 31 22 6 17 7 12 2 20 10 19 11 33 39
18 2 7 11 48 50 45 15 46 36 13 23 44 30 21 3 8 25 29 26 20 35 27 14 16 19 31 28 38 39 47 6 34 37 17 42 32 33 9 12 24 41 5 4 22 1 10 40 49 43
44 19 13 33 34 9 6 47 24 28 27 49 18 21 17 2 39 41 36 26 35 23 43 20 3 4 30 16 5 46 32 7 25 40 15 10 45 29 12 37 22 14 8 38 11 1 42 31 50 48
36 35 34 38 39 40 33 13 29 28 27 26 30 31 32 25 12 11 10 14 15 16 9 45 44 43 7 6 5 4 3 2 1 8 17 24 23 22 18 19 20 21 37 41 48 47 46 42
1 27 25 48 22 47 21 46 20 45 19 44 18 43 17 42 16 28 2 29 3 30 4 31 5 32 6 33 7 34 8 35 9 36 10 37 11 38 12 39 13 40 14 41 15 49 23 50 24 26
35 39 20 32 15 47 26 7 50 34 19 28 46 3 41 49 18 29 42 11 16 38 48 4 2 36 43 22 6 37 17 24 31 23 21 40 5 13 33 1 9 45 25 8 30 12 27 10 14 44
4 15 13 28 2 46 25 22 49 29 10 1 30 3 23 7 39 20 24 6 50 8 16 42 17 33 45 40 37 18 41 35 9 27 36 43 32 34 47 48 21 31 44 38 26 11 5 19 14 12
24 18 15 11 48 49 7 13 30 25 36 33 27 12 16 45 40 47 35 9 4 29 34 39 19 3 42 31 41 17 14 38 32 6 2 5 50 21 43 44 37 22 23 10 28 46 8 20 1 26
43 35 3 29 47 38 41 7 5 14 4 9 15 22 26 23 49 10 20 30 17 36 2 31 1 37 24 33 34 21 25 32 12 40 13 39 28 8 18 48 27 11 45 19 44 16 46 6 42 50
16 20 6 4 15 2 12 1 8 11 9 14 19 10 7 17 3 5 13 18
24 23 26 21 22 50 19 20 40 41 13 14 36 37 10 9 29 28 6 5 27 7 8 33 32 1 48 49 25 30 31 4 3 35 34 2 42 43 15 16 38 39 11 12 46 47 17 18 44 45
20 21 37 36 24 23 38 43 18 17 44 31 14 48 2 1 42 3 29 19 50 49 10 9 39 40 5 6 30 15 16 34 35 7 8 32 33 22 28 11 12 27 26 25 4 41 47 13 46 45
47 44 3 42 43 2 48 35 21 18 34 13 11 31 7 41 37 14 12 33 22 20 29 4 26 24 46 32 17 25 28 40 9 38 10 36 23 16 27 1 39 5 6 30 8 45 15 19 50 49
13 5 15 18 14 12 9 38 20 41 11 45 16 6 21 30 37 34 1 49 35 8 3 40 17 39 47 33 27 25 31 43 28 32 4 42 36 46 44 23 7 10 50 22 2 26 19 24 48 29
21 22 46 47 23 24 48 1 39 44 20 19 37 36 12 11 35 34 5 6 30 31 18 17 27 26 25 45 42 13 14 38 2 40 16 15 50 29 10 9 33 32 8 7 41 43 3 4 28 49
44 30 17 13 49 41 35 25 21 31 50 40 39 6 28 1 38 5 37 22 3 34 33 24 43 14 42 11 18 20 27 9 23 8 12 19 48 15 10 16 32 26 46 4 2 47 7 36 29 45
9 45 19 3 46 37 20 11 34 1 4 44 36 49 16 27 43 14 28 6 18 22 21 39 2 42 38 12 41 48 17 7 32 23 50 25 26 35 15 31 8 40 33 5 30 24 47 10 13 29
1 50 25 49 34 9 30 5 27 2 28 3 29 4 31 6 32 7 33 8 35 10 36 11 37 12 39 13 38 14 40 15 41 16 43 17 42 18 44 19 45 20 47 21 46 22 48 23 26 24
25 28 27 22 23 24 26 29 21 4 7 3 10 6 9 5 2 1 8 30 13 12 16 19 15 20 18 11 14 17 44 49 47 42 45 50 41 43 46 48 35 33 36 37 39 40 34 31 38 32
1 32 48 3 16 5 36 13 17 18 7 46 21 49 41 23 20 29 47 15 35 8 42 27 39 45 28 11 43 38 12 4 24 2 31 37 50 19 34 26 10 30 33 40 25 22 9 6 44 14
33 12 22 19 32 6 36 30 15 29 50 1 24 23 7 45 8 48 26 41 28 18 3 9 38 31 43 40 49 46 13 39 2 5 25 20 17 35 16 14 34 4 44 21 10 47 37 27 11 42
8 14 11 10 5 12 2 4 3 16 7 9 1 13 6 15
19 28 25 23 27 15 33 7 22 24 4 44 50 26 48 2 17 10 20 6 21 16 49 8 35 46 11 39 31 5 1 13 38 36 42 32 12 29 18 9 37 43 3 34 41 14 45 47 40 30
3 7 48 36 8 40 15 19 17 35 10 47 5 2 23 41 4 22 25 50 31 43 21 18 9 16 6 11 30 38 37 26 24 13 32 29 20 49 33 42 1 12 45 44 28 14 46 27 39 34
28 4 13 22 9 32 25 24 21 14 46 39 42 45 26 11 38 48 16 15 17 34 33 31 1 27 43 35 50 3 12 36 37 19 10 6 49 20 2 18 23 30 41 8 29 5 40 44 7 47
23 40 15 3 22 21 4 5 27 38 14 13 32 17 1 33 26 7 12 34 8 11 39 30 19 10 28 24 6 20 35 29 18 16 37 31 9 2 36 25
23 42 49 7 14 38 2 18 19 33 31 9 39 6 17 36 3 5 20 22 37 34 10 40 45 4 28 8 25 44 11 24 15 48 41 46 50 13 16 1 30 26 27 35 32 43 29 12 21 47
13 33 49 18 34 5 29 44 3 9 30 23 28 20 15 26 36 10 17 40 11 24 43 21 50 14 38 8 7 48 22 45 2 41 35 1 25 32 4 6 47 12 31 27 19 46 42 16 39 37
25 24 23 22 21 36 26 27 28 29 30 31 20 32 19 33 18 34 17 35 16 15 37 14 38 13 39 12 40 11 41 10 42 9 43 8 44 7 45 6 46 5 47 4 48 3 49 2 1 50
1 29 41 39 4 31 37 35 44 50 18 28 3 49 9 21 16 13 46 2 19 30 38 26 6 12 48 36 45 5 23 17 24 33 40 47 11 25 14 34 8 22 7 43 15 32 20 42 27 10
2 11 38 7 18 44 42 6 39 36 19 33 29 3 9 40 37 23 49 8 41 27 5 32 48 16 34 47 15 22 26 30 24 14 28 13 46 12 45 31 20 10 50 1 21 43 25 35 17 4
9 7 12 1 2 3 6 4 8 5 10 11
22 34 50 1 49 28 16 37 43 31 14 25 11 38 13 39 33 9 36 20 23 27 7 15 17 26 19 10 5 24 46 4 21 42 41 12 29 18 47 32 30 2 6 35 3 8 45 48 40 44
9 4 2 29 24 34 36 25 19 35 1 20 3 27 45 14 48 6 10 43 8 16 41 46 22 39 23 28 33 44 47 17 21 11 38 12 42 30 32 49 13 15 18 5 50 37 31 7 40 26
3 34 49 13 29 12 24 20 8 2 37 32 22 46 25 16 38 43 50 17 5 26 23 36 30 33 6 27 7 28 14 45 42 11 21 41 31 10 1 44 19 4 35 15 48 40 9 39 18 47
7 17 20 23 3 4 11 6 15 13 8 16 14 22 2 24 18 5 12 9 21 19 1 10
12 18 15 26 39 41 33 45 24 11 30 27 46 3 36 44 34 42 16 38 17 19 7 20 37 10 32 13 2 48 9 23 47 5 1 43 8 14 31 6 29 35 4 40 22 21 28 25
24 19 20 17 16 15 18 13 14 11 44 43 48 45 46 47 1 6 2 3 4 5 8 7 12 9 10 22 21 26 23 25 30 27 28 29 32 31 36 33 34 35 38 37 42 39 40 41
11 27 30 16 48 7 15 24 17 19 31 49 25 39 50 23 13 41 26 35 6 14 1 12 4 9 5 3 33 29 28 44 40 45 37 32 21 22 47 18 46 2 38 20 10 8 34 42 36 43
3 7 44 25 17 6 14 36 31 18 43 32 22 12 48 34 38 29 23 20 1 41 42 49 19 16 40 13 8 26 28 10 37 5 50 46 27 15 24 47 35 33 21 39 9 11 2 4 45 30
1 2 3 4 5 6 7 8 9 10 11 12 13 14 15 16 17 18 19 20 21 22 23 24 25 26 27 28 29 30 31 32 33 34 35 36 37 38 39 40 41 42 43 44 45 46 47 48 49 50
21 4 5 14 3 9 11 7 25 20 1 22 2 18 26 8 13 10 17 6 23 16 15 19 12 24
30 35 16 23 32 31 9 20 34 29 25 8 44 42 24 7 40 48 15 49 38 4 14 41 11 10 37 19 21 47 39 18 27 43 17 5 50 1 13 45 28 3 2 26 12 6 46 22 33 36
20 19 46 45 18 17 42 41 12 11 44 43 16 15 26 24 23 29 21 30 3 4 35 36 5 6 37 38 7 8 39 40 9 10 28 22 27 25 34 33 2 32 31 1 47 48 13 14 49 50
40 46 13 27 5 36 22 15 19 6 31 37 18 8 50 43 33 32 17 45 9 16 3 12 26 11 21 48 49 39 14 4 25 47 38 35 24 7 34 44 29 20 2 23 42 30 10 1 28 41
14 9 29 5 24 37 6 48 8 50 32 40 45 28 25 26 17 33 43 11 19 21 1 22 49 16 7 3 31 20 27 30 15 2 42 23 46 44 36 12 34 18 41 4 10 35 38 39 13 47
18 17 10 31 1 43 46 30 21 22 6 35 11 23 49 4 24 19 40 25 39 33 44 47 16 5 2 37 29 8 42 13 36 34 50 14 15 20 48 45 28 26 12 7 9 3 27 41 32 38
30 6 16 34 47 4 10 29 39 42 9 41 27 50 25 40 48 18 33 46 43 37 36 2 5 19 14 7 45 44 31 20 32 1 21 35 17 23 24 3 12 8 15 26 22 28 13 11 49 38
6 17 33 26 28 7 44 10 47 11 1 49 35 30 18 23 45 46 24 12 25 3 19 2 16 34 41 5 8 39 27 40 22 36 21 15 43 42 48 32 37 38 4 14 20 9 31 50 13 29
11 34 46 7 23 9 32 44 28 39 38 1 49 36 22 17 37 19 16 5 41 27 20 30 31 18 26 29 47 14 21 33 45 15 13 43 8 3 4 50 42 10 24 48 12 35 40 2 6 25
28 13 8 36 25 32 29 5 15 42 12 35 24 7 50 4 49 45 23 9 31 43 19 22 30 16 44 18 38 20 47 3 46 14 26 2 33 41 1 34 21 17 48 27 11 10 37 6 39 40
1 5 3 6 4 2
22 17 24 30 5 20 7 21 12 15 28 10 29 18 14 11 2 9 16 27 4 19 1 8 26 3 25 6 13 23
14 1 21 38 44 5 22 42 26 29 36 39 16 25 24 3 20 10 28 30 50 12 4 41 45 43 46 23 31 32 49 17 9 8 34 7 40 2 15 48 47 19 6 33 13 37 18 11 27 35
44 20 35 7 4 11 38 8 39 19 6 48 37 27 28 18 31 17 14 33 12 32 45 36 3 25 42 23 10 15 9 34 5 26 41 30 47 16 46 29 43 22 1 24 2 21 40 49 13 50
32 1 30 31 28 29 24 25 27 26 22 23 18 19 21 20 16 17 12 13 15 14 10 11 8 6 7 9 34 4 5 3 2 33
2 4 10 12 1 11 9 6 7 8 5 3
4 3 5 6 12 11 13 14 20 19 21 22 28 27 29 30 36 35 37 38 44 43 45 46 1 2 8 7 9 10 16 15 17 18 24 23 25 26 32 31 33 34 40 39 41 42 48 47
49 48 47 46 45 44 43 42 41 40 39 38 37 36 35 34 33 32 31 30 29 28 27 26 25 24 23 22 21 20 19 18 17 16 15 14 13 12 11 10 9 8 7 6 5 4 3 2 1 50
15 40 17 29 35 28 2 46 36 24 30 7 48 25 38 41 32 34 8 9 10 37 5 47 44 13 21 22 50 4 33 1 18 45 26 27 16 42 11 49 20 3 6 23 39 12 43 31 14 19
2 9 4 3 17 14 1 16 13 8 5 7 10 15 20 19 12 6 18 11
41 50 2 30 27 5 11 12 16 19 43 32 6 10 24 44 4 47 46 20 9 40 33 36 39 18 42 31 49 37 3 35 26 1 29 8 28 48 17 21 25 38 7 13 22 15 14 23 34 45
26 50 17 2 8 32 31 23 42 27 1 34 12 3 19 49 20 14 36 6 4 48 25 44 35 37 43 5 30 28 15 11 38 41 21 33 29 13 24 22 46 47 45 18 9 7 10 16 39 40
37 24 40 34 28 15 16 45 1 19 2 3 26 14 21 43 48 25 9 31 38 10 7 13 47 39 4 11 20 17 12 42 27 18 8 22 50 6 32 44 33 36 30 23 46 5 35 49 29 41
37 29 1 28 22 4 45 7 42 8 44 26 24 50 41 38 34 27 17 20 35 9 33 6 49 13 48 5 32 40 31 23 21 30 14 19 3 47 36 16 12 18 2 15 25 43 10 11 39 46
16 38 31 11 15 20 24 8 32 3 42 46 43 25 2 41 17 45 4 44 37 22 35 28 13 33 26 9 10 7 5 18 14 19 1 39 12 27 30 40 21 36 29 6 34 23
15 6 9 33 36 42 20 34 23 3 2 35 12 24 19 4 38 29 8 37 21 39 17 28 10 11 40 18 13 14 16 26 5 30 27 7 22 1 41 32 31 25
8 7 46 19 32 31 47 50 49 3 36 17 18 34 33 38 14 13 39 40 12 11 41 42 10 1 2 35 9 44 6 5 16 15 37 4 48 45 20 26 25 27 28 24 23 29 30 21 22 43
6 36 47 23 28 25 37 16 1 5 35 4 20 40 21 41 2 26 9 29 50 31 43 42 44 8 45 15 3 32 13 48 46 18 34 7 27 14 38 33 22 49 10 30 19 24 17 11 12 39
49 5 4 3 6 7 8 9 10 11 12 13 14 15 16 17 18 19 20 21 22 23 24 25 26 27 28 29 30 31 32 33 34 35 36 37 38 39 40 41 42 43 44 45 46 47 48 2 1 50
1 2 32 40 29 33 8 36 34 25 31 49 27 18 47 43 23 44 38 30 13 19 3 4 42 37 22 39 20 14 48 28 41 16 10 45 21 17 46 11 24 12 50 26 35 9 15 7 6 5
25 13 47 14 16 18 8 17 7 11 2 1 23 46 33 43 28 21 22 27 26 29 42 20 6 39 49 40 19 34 15 36 38 24 5 37 32 4 3 44 48 41 31 35 45 10 12 9 30 50
43 39 29 19 38 9 34 36 37 25 16 24 22 33 44 17 35 1 3 10 15 5 32 7 4 41 20 14 42 2 12 45 31 18 26 30 47 28 46 49 27 13 6 11 23 21 48 8 40 50
3 2 1 5 4 6
6 32 11 21 19 16 5 13 9 8 22 17 40 27 29 49 47 12 35 1 3 43 20 42 15 46 7 36 2 10 30 24 31 23 33 4 41 18 44 26 38 25 50 37 14 34 45 39 48 28
12 21 3 34 8 20 41 39 36 29 42 28 48 32 46 50 26 4 15 14 24 31 9 49 33 43 11 44 10 25 16 47 5 40 7 30 45 37 19 35 22 23 17 13 38 1 6 27 2 18
32 2 12 46 1 45 22 14 31 47 43 49 40 38 30 35 36 7 9 19 16 50 5 23 4 11 10 44 8 3 33 13 18 27 41 26 25 6 37 15 21 20 34 28 17 29 24 42 48 39
12 19 16 43 25 4 45 7 5 23 47 9 21 29 28 18 8 31 35 6 46 41 38 2 3 33 48 32 40 49 14 1 50 22 13 30 39 15 37 24 17 44 26 10 20 11 27 42 34 36
14 17 31 33 19 4 46 2 32 15 42 43 23 27 40 7 21 41 25 13 10 3 47 24 29 49 22 35 38 16 30 50 28 26 48 11 36 12 37 45 6 44 8 1 34 9 18 5 39 20
9 3 1 8 2 4 10 5 6 7 11 12
25 20 38 2 50 24 28 1 12 10 27 26 29 30 11 19 22 23 47 48 4 49 41 40 36 17 3 5 43 39 46 42 21 34 13 9 6 35 37 32 31 33 8 7 16 14 18 15 45 44
9 33 19 7 5 27 20 21 15 29 39 32 47 44 3 30 40 41 36 43 45 23 17 46 11 22 31 16 14 4 18 8 6 49 13 28 34 12 35 48 25 26 37 24 42 1 10 38 2 50
24 10 40 49 25 17 29 31 3 32 23 13 41 39 1 6 26 35 21 18 48 47 9 44 45 2 8 30 14 15 50 28 7 19 33 11 5 36 46 4 38 42 12 20 34 27 16 22 37 43
32 4 46 3 13 11 22 20 21 5 18 41 33 24 26 14 38 40 36 12 9 45 2 34 27 28 10 31 7 25 23 42 43 6 8 30 35 15 29 37 39 16 50 47 17 44 48 1 19 49
29 30 24 6 15 4 5 21 13 49 31 47 14 38 44 48 20 46 26 2 43 36 18 41 11 7 17 39 22 40 28 1 50 32 27 42 19 10 23 12 33 8 45 9 16 35 25 37 3 34
30 8 5 26 7 15 47 10 2 25 14 40 50 9 17 43 22 6 20 33 27 37 32 31 12 19 21 39 45 24 49 44 13 1 48 11 34 18 29 16 28 23 3 35 41 46 42 4 36 38
16 34 27 38 6 22 15 7 46 8 9 14 36 25 33 19 21 3 31 45 24 20 47 43 49 5 17 4 41 40 23 35 10 29 28 2 1 44 32 48 50 13 18 42 12 26 11 30 37 39
21 41 8 1 5 46 2 20 33 9 6 36 13 10 16 3 44 47 19 45 23 29 27 11 18 32 25 30 49 35 17 12 31 22 34 39 38 50 48 7 42 14 24 28 37 40 15 26 4 43
1 2 3 8 13 14 7 5 9 11 10 6 12 4
7 4 18 2 12 15 19 3 9 16 8 17 14 1 13 11 20 6 5 10
11 10 4 1 2 15 16 6 14 9 3 13 8 5 7 12
1 3 24 29 4 15 17 16 33 10 21 38 36 9 28 2 18 20 5 14 39 6 34 7 22 32 40 30 26 13 12 19 27 25 31 8 35 11 23 37
28 16 49 36 27 22 45 37 50 4 20 47 25 48 6 21 8 44 2 7 31 30 46 13 14 35 12 3 24 9 38 1 18 10 5 34 33 26 15 17 29 42 11 39 19 43 40 32 23 41
37 42 28 9 44 40 11 17 26 49 16 36 43 22 7 50 21 10 19 6 48 35 41 14 39 30 20 47 33 38 23 3 12 31 2 34 29 32 25 15 46 13 4 27 18 1 24 8 5 45
1 2 3 4 5 6 7 8 9 10 11 12 13 14 15 16 17 18 19 20 21 22 23 24 25 26 27 28 29 30 31 32 33 34 35 36 37 38 39 40 41 42 43 44 45 46 47 48
1 2 3 4 5 6 7 8 9 10 11 12 13 14 15 16 17 18 19 20 21 22 23 24 25 26 27 28 29 30 31 32 33 34 35 36 37 38 39 40 41 42 43 44 45 46 47 48 49 50
24 25 40 36 35 8 39 38 34 33 29 44 16 15 17 14 12 13 11 10 9 4 2 3 5 37 7 6 30 50 41 18 19 21 20 22 23 26 27 28 49 45 43 46 42 47 48 1 31 32
15 25 12 47 14 49 11 19 33 4 13 40 42 28 39 22 44 10 20 41 24 31 43 36 27 6 3 29 9 34 26 5 48 38 23 21 35 32 1 18 7 16 30 45 50 17 8 2 46 37
12 11 23 29 8 38 41 4 47 48 37 39 9 19 24 33 45 13 46 43 5 18 27 1 16 36 31 10 40 28 30 22 3 21 44 15 35 42 25 6 26 17 7 32 20 14 2 34
6 33 40 41 15 1 27 48 42 25 22 38 12 32 4 47 23 30 39 29 44 19 21 17 10 35 26 46 37 43 24 11 45 5 28 2 31 14 49 8 36 50 16 7 34 9 18 3 13 20
16 12 10 1 8 2 21 19 48 29 26 34 25 18 49 40 35 47 31 42 3 7 33 28 23 43 39 13 30 50 5 4 17 38 15 44 20 27 6 37 46 24 41 45 9 36 14 32 11 22
26 9 44 42 24 13 21 22 47 7 12 39 11 37 10 34 48 3 14 46 38 6 1 18 45 29 32 23 4 43 25 8 30 41 19 35 33 40 15 5 17 49 27 28 2 16 20 31 36 50
10 26 25 7 22 41 12 37 40 45 34 38 50 24 36 42 14 16 19 6 9 20 44 5 28 11 13 35 46 15 23 32 8 4 30 48 27 3 18 2 39 47 43 1 49 33 21 17 29 31
9 11 23 50 22 26 15 31 44 25 16 42 5 47 21 20 12 4 18 17 33 36 39 10 32 24 38 37 45 19 28 30 14 27 40 48 29 49 43 6 34 2 7 3 1 13 41 8 46 35
2 1 4 6 3 5
18 32 42 44 37 28 14 3 33 12 22 34 9 1 6 39 23 10 20 17 11 36 2 29 41 38 7 8 21 43 25 49 35 19 5 31 16 4 24 47 15 27 30 46 26 13 45 40 50 48
1 6 8 4 7 2 5 3 10 12 11 9
1 6 7 8 14 11 3 2 9 10 5 4 12 13 15 16 23 22 18 17 21 24 20 19
31 16 22 6 20 27 10 44 11 37 13 28 29 42 47 45 1 33 3 43 8 24 23 26 18 7 2 17 39 46 36 15 14 9 35 50 5 40 34 30 19 25 49 32 48 4 21 12 38 41
21 25 49 37 14 45 33 47 5 16 46 17 22 2 38 10 28 35 43 15 13 23 27 31 8 30 41 20 4 7 39 26 6 29 50 32 34 11 3 44 18 24 1 42 12 40 19 9 48 36
27 41 32 36 22 29 19 10 25 13 18 15 16 17 3 5 24 45 37 46 2 23 21 14 39 12 1 33 31 9 26 40 7 38 35 4 48 28 43 30 20 47 6 44 49 11 8 50 34 42
31 2 7 18 50 5 37 12 14 42 25 34 4 22 48 1 13 24 30 15 11 20 17 47 49 45 43 9 29 23 35 33 38 16 39 10 27 26 21 32 6 3 28 19 41 44 8 36 40 46
31 30 29 25 24 20 21 17 16 12 11 22 23 18 19 39 38 37 33 32 28 27 26 7 6 5 1 2 3 4 8 9 13 14 15 10 34 35 36 40 41 45 46 47 48 44 43 42
34 15 23 48 7 27 20 36 45 5 25 40 26 35 30 29 42 44 4 39 47 2 43 16 28 49 33 50 3 14 37 10 19 8 32 17 22 11 21 31 6 18 12 1 46 9 38 13 24 41
15 1 48 35 9 39 2 11 33 29 21 12 37 32 3 47 6 20 41 8 30 5 17 40 24 42 19 34 46 10 25 50 23 49 27 7 43 22 18 28 38 13 26 31 4 14 36 45 16 44
1 4 6 3 5 7 2 8
31 45 22 10 33 40 30 14 41 28 39 9 34 21 8 12 47 17 19 16 46 5 18 37 24 2 3 13 36 35 6 48 15 38 11 42 50 1 23 7 26 32 20 29 49 27 43 25 4 44
1 2 3 4 10 7 8 11 9 12 5 14 13 6
15 30 28 24 18 16 29 17 20 36 13 39 46 4 35 5 41 34 31 48 42 43 37 22 47 49 44 7 12 25 23 3 1 6 33 21 11 50 40 10 8 2 45 26 14 27 9 19 38 32
1 2 4 3 6 5 7 8
38 37 33 36 40 41 23 22 19 15 18 35 34 8 7 3 6 14 13 9 12 16 17 26 25 28 29 47 46 43 39 42 24 21 20 2 32 31 27 30 1 45 48 4 5 10 11 44
39 36 4 27 35 17 42 10 3 8 31 43 23 30 5 14 41 32 19 50 37 29 20 33 38 12 47 13 7 28 9 18 2 26 40 15 6 24 21 22 48 11 46 49 45 25 16 1 34 44
6 8 7 21 18 15 26 2 19 1 14 12 11 13 22 24 23 3 4 17 9 16 5 25 10 20
10 15 4 6 3 5 7 2 8 12 13 1 16 11 9 14
31 30 29 25 24 20 21 17 16 12 11 22 23 18 19 39 38 37 33 32 28 27 26 7 6 5 1 2 3 4 8 9 13 14 15 10 34 35 36 40 41 45 46 47 48 44 43 42
25 11 39 10 47 22 34 43 6 26 29 5 4 21 23 8 31 16 45 35 46 37 41 36 20 32 24 2 7 15 19 17 12 18 48 38 28 3 33 42 40 1 13 14 44 9 27 30
27 25 50 24 49 15 40 14 39 13 38 12 37 11 36 10 35 9 34 8 33 7 32 6 31 5 30 4 29 3 28 2 26 1 16 41 17 42 18 43 19 44 20 45 21 46 22 47 23 48
20 46 32 35 2 13 18 14 10 48 7 28 12 21 39 34 15 9 49 47 44 36 40 43 45 25 3 24 6 17 33 37 11 23 5 16 22 30 31 4 19 41 29 1 8 38 50 27 26 42
35 33 34 36 13 45 4 2 1 3 6 8 7 5 12 21 19 22 24 23 10 39 40 38 17 18 9 11 14 16 15 44 42 41 43 46 48 47 28 26 25 27 30 32 31 29 20 37 50 49
37 16 19 29 17 13 32 4 27 23 41 48 3 50 25 45 20 2 31 34 8 40 7 22 43 30 21 1 36 35 12 14 47 9 28 24 49 33 10 15 42 5 46 39 11 6 26 18 44 38
18 24 37 34 11 27 50 39 4 33 9 16 48 13 2 25 3 14 6 5 22 47 23 21 20 15 32 43 40 31 44 35 7 36 10 1 41 45 12 38 42 29 26 17 49 30 28 19 8 46
21 45 10 11 47 26 22 18 42 5 13 41 16 48 20 15 46 40 14 38 3 37 1 27 23 17 29 6 30 12 49 24 19 35 43 8 31 2 28 36 7 25 39 33 4 34 32 9 44 50
5 9 6 3 1 8 7 4 2 10
32 27 31 2 37 39 12 13 30 11 41 6 21 10 17 50 20 47 35 22 29 36 43 38 4 9 26 5 16 15 49 14 44 33 24 40 25 7 8 3 23 46 34 45 18 28 19 48 1 42
15 17 16 18 19 14 13 8 7 6 4 5 3 20 21 2 9 11 10 12 1 24 22 23
8 12 33 3 28 46 19 11 34 49 44 13 24 26 7 30 27 17 32 47 22 15 35 48 31 21 20 6 43 37 36 39 2 50 1 38 9 25 16 23 42 10 5 41 4 29 40 45 14 18
47 28 38 31 8 5 37 14 26 3 19 11 43 7 44 30 22 10 36 23 4 13 6 34 9 27 1 39 35 12 2 29 21 46 33 24 20 45 18 32 17 16 42 40 25 41 15 48
8 13 14 17 9 6 18 4 11 10 3 20 7 5 19 1 21 12 2 22 16 15
30 1 36 28 22 7 35 40 4 42 38 26 27 25 18 31 5 8 19 46 21 43 39 3 20 48 12 23 24 15 49 45 33 6 32 9 10 13 50 37 11 16 14 34 44 29 2 17 47 41
10 9 7 6 5 3 2 1 8 15 4 19 18 21 20 13 16 17 12 11 14 25 22 23 30 24 29 27 26 28
14 48 13 22 17 49 28 31 7 4 50 37 12 24 1 19 44 42 43 27 30 32 23 9 10 15 16 39 29 40 18 25 6 36 3 20 45 26 5 11 2 21 35 34 46 41 47 8 38 33
47 39 36 44 40 41 48 38 45 35 42 37 43 46 33 34 1 25 24 28 20 23 31 32 22 29 19 26 21 27 30 17 18 4 15 7 16 6 13 3 10 5 11 14 9 8 12 2 49 50
10 20 13 39 5 23 22 47 33 25 35 9 40 46 6 15 37 44 21 2 48 31 49 36 41 32 43 3 30 50 18 8 45 7 11 19 26 17 1 38 4 28 27 34 14 24 42 29 16 12
43 30 25 23 16 26 3 46 35 20 11 2 40 47 27 15 10 18 39 22 33 13 32 5 7 31 14 28 6 24 45 38 36 37 41 9 29 44 17 48 34 8 50 12 21 1 4 42 19 49
10 9 8 14 7 12 13 40 1 2 3 4 35 36 37 38 39 29 31 32 33 34 30 5 6 24 23 22 11 28 27 26 25 21 20 19 18 17 16 15
4 38 49 10 9 47 17 25 46 40 22 1 44 33 20 39 14 8 23 7 31 45 13 28 15 27 6 18 30 48 41 5 24 50 37 21 34 26 2 11 29 32 42 19 3 16 12 35 36 43
6 46 2 27 21 43 40 25 47 44 16 33 20 23 45 10 12 35 9 36 18 26 4 7 19 42 50 22 30 3 1 14 39 38 13 5 34 32 31 15 8 24 29 48 37 17 11 49 41 28
19 17 16 26 27 25 12 10 11 9 8 6 5 7 4 2 3 49 50 39 37 38 28 31 29 30 32 33 35 34 36 1 48 46 47 45 44 42 43 41 40 14 13 15 18 20 21 23 22 24
15 14 13 9 8 4 3 2 1 5 6 7 10 11 12 16 17 21 22 23 24 20 19 18
29 17 47 23 3 37 49 50 42 6 4 14 24 25 43 7 31 11 10 38 13 16 9 39 8 22 36 46 33 41 15 21 44 45 5 12 28 34 27 18 35 2 26 19 32 1 40 20 30 48
17 15 8 10 38 33 35 12 1 36 40 32 46 31 7 21 49 14 30 27 39 25 34 16 9 44 24 18 48 37 26 19 23 28 13 50 11 43 6 5 2 42 45 41 3 4 29 20 22 47
4 10 1 6 3 9 8 2 5 7
10 8 37 4 27 49 16 29 35 25 12 40 36 11 34 32 3 7 46 50 2 48 39 17 5 43 44 6 41 21 9 33 20 19 26 15 31 42 13 38 1 24 28 30 18 22 47 45 14 23
45 41 42 15 14 40 36 37 33 32 28 29 25 24 20 21 17 18 19 31 30 11 38 39 12 16 35 34 3 23 22 48 44 43 27 26 5 1 10 4 8 9 13 2 7 6 46 47
14 13 12 44 26 41 40 24 25 31 32 33 34 23 22 21 20 17 16 15 43 7 6 38 39 10 11 37 5 4 36 35 3 2 1 9 8 48 47 18 19 42 27 28 29 30 45 46
3 8 5 1 7 4 2 6
16 40 50 4 14 2 31 27 8 5 29 9 43 3 6 15 7 11 10 21 37 35 26 39 19 48 34 45 23 36 30 32 42 25 20 46 47 49 41 24 28 12 13 33 1 44 17 18 22 38
46 45 44 43 22 21 20 19 18 42 41 40 39 2 7 8 9 10 38 37 36 35 3 15 16 17 30 29 28 27 26 6 5 4 23 24 25 14 13 12 11 34 33 32 31 1 47 48
17 45 30 20 33 21 16 49 8 35 48 46 4 13 47 6 25 31 37 42 41 36 38 24 5 10 9 11 22 15 43 34 12 32 1 23 50 18 2 29 14 19 26 40 39 3 7 44 28 27
5 2 3 4 1 6
33 36 10 32 41 11 6 14 31 37 13 35 23 27 44 28 20 15 9 8 4 16 2 29 7 5 24 42 1 12 22 25 17 46 3 26 43 40 30 34 21 45 18 19 38 39
1 2 3 4 5 6 7 8 9 10 11 12 13 14 15 16 17 18 19 20 21 22 23 24 25 26 27 28 29 30 31 32 33 34 35 36 37 38 39 40 41 42 43 44 45 46 47 48
4 21 42 22 37 26 15 41 47 2 23 32 13 34 39 12 49 48 17 7 38 28 9 50 30 5 40 18 25 36 29 8 35 24 44 16 11 46 3 20 27 6 45 10 1 31 14 19 33 43
23 20 42 29 3 27 32 47 49 40 37 39 48 35 15 44 43 31 4 8 46 45 33 11 12 18 30 38 41 25 1 7 19 13 50 16 22 26 34 14 10 6 9 17 2 5 28 36 21 24
18 16 9 29 13 50 42 20 7 21 23 5 12 48 46 37 22 19 39 25 14 43 10 44 8 49 24 2 11 38 15 41 34 47 4 3 1 27 17 35 40 30 6 45 32 36 33 26 31 28
1 4 2 3
14 13 18 9 8 2 5 10 4 1 7 16 3 6 11 19 26 17 21 12 15 24 25 23 22 20
48 17 29 39 32 19 10 26 40 31 35 38 43 24 47 15 30 34 27 7 41 1 25 49 23 13 14 20 37 8 5 44 22 9 42 12 28 36 46 3 11 16 21 4 2 33 18 6 45 50
40 6 1 8 45 29 13 50 47 14 10 38 19 28 33 16 42 2 23 25 27 39 34 31 15 24 4 48 17 36 37 35 32 5 9 43 7 30 12 21 44 11 26 22 3 46 41 20 18 49
35 26 21 16 49 36 5 29 31 15 42 13 6 43 2 17 28 9 4 27 12 30 1 37 46 11 47 41 10 7 34 23 50 22 14 39 45 19 3 32 20 25 48 24 38 33 18 8 44 40
10 4 44 17 27 50 13 24 1 25 29 41 7 40 35 45 8 16 28 36 31 39 19 6 37 33 20 15 46 23 49 21 34 47 18 9 14 42 30 3 38 2 43 22 5 12 11 26 32 48
12 10 2 17 21 29 22 8 46 44 25 42 43 37 9 16 34 5 14 31 4 38 47 45 15 20 1 35 23 3 41 36 19 49 18 7 26 50 48 13 6 39 11 30 27 24 28 40 32 33
5 3 35 36 1 44 33 9 32 25 10 37 50 11 40 8 16 46 15 17 34 41 19 4 26 2 14 42 27 7 23 43 48 13 28 20 24 49 45 22 47 6 18 30 29 21 38 31 12 39
31 30 29 25 24 20 21 17 18 19 39 38 37 33 32 28 27 26 7 8 4 3 2 23 22 11 34 15 16 12 13 9 10 1 5 6 14 35 36 40 41 45 46 47 48 44 43 42
3 16 8 11 19 18 20 14 17 13 12 21 22 23 10 9 26 24 7 6 15 2 1 4 5 25
46 45 41 42 37 38 33 34 29 30 25 26 21 22 17 18 13 14 9 10 5 6 2 1 7 4 3 8 11 12 15 16 19 20 23 24 27 28 31 32 35 36 39 40 43 44 47 48
3 9 2 13 6 7 1 17 14 16 11 18 8 5 4 10 15 12
10 50 20 1 8 12 46 15 6 39 36 41 16 23 24 22 49 13 47 11 45 30 32 9 5 27 18 26 42 3 48 2 19 28 14 31 37 17 29 7 40 38 35 4 34 33 44 43 25 21
35 9 29 23 26 30 17 25 48 50 46 47 3 2 6 4 5 8 10 16 15 18 42 37 1 12 31 24 45 34 40 28 43 27 49 36 38 14 21 20 33 7 19 22 39 13 11 44 32 41
24 23 25 26 22 21 27 28 20 7 43 18 17 30 29 19 31 32 16 15 33 2 46 45 3 4 44 5 6 42 41 8 40 39 9 10 38 37 11 12 34 14 13 35 36 1 47 48
25 12 18 36 21 23 42 29 22 20 50 15 38 4 5 34 37 39 6 14 26 30 48 24 46 11 40 19 9 45 27 47 28 31 13 32 41 17 2 16 35 3 10 7 49 1 8 43 33 44
29 28 39 38 4 3 24 23 36 34 6 49 19 16 10 12 2 50 41 40 1 15 17 14 13 18 9 11 22 5 48 46 31 35 33 32 42 43 45 37 8 7 21 20 30 25 26 27 44 47
1 5 3 4 2 6
4 50 8 34 26 22 25 1 17 19 41 27 38 18 28 33 16 24 30 29 46 31 49 2 21 3 10 40 7 23 20 36 43 6 47 48 12 44 15 32 5 42 14 11 13 45 35 37 9 39
1 2 3 6 7 4 5 8
26 25 24 23 22 21 20 50 3 12 11 10 34 35 19 18 17 16 15 14 13 2 47 48 49 39 38 37 36 4 5 6 7 8 9 40 41 42 43 44 45 46 1 27 28 29 30 31 32 33
31 14 25 30 3 19 16 35 20 11 15 28 34 7 24 23 5 22 10 9 6 36 13 8 18 1 12 21 17 2 27 29 26 4 33 32
27 28 21 39 47 23 19 2 16 35 6 18 43 22 9 42 14 20 45 30 24 1 33 41 44 34 46 5 12 11 25 4 38 17 40 26 7 31 15 32 8 13 10 48 37 3 29 36
5 30 17 4 2 44 36 25 26 3 19 38 15 24 23 33 6 41 18 21 16 45 29 48 47 35 10 39 50 12 37 8 1 7 40 49 34 28 13 9 11 42 32 22 31 43 46 14 20 27
8 7 16 17 6 12 3 2 18 4 5 13 14 1 11 9 10 15
25 4 16 2 33 18 5 45 35 19 13 14 6 46 21 48 32 8 37 7 29 12 15 36 30 50 26 27 28 42 38 11 43 47 1 24 49 20 41 31 10 23 34 3 44 22 17 39 9 40
41 50 2 30 27 5 11 12 16 19 43 32 6 10 24 44 4 47 46 20 9 40 33 36 39 18 42 31 49 37 3 35 26 1 29 8 28 48 17 21 25 38 7 13 22 15 14 23 34 45
11 21 35 8 3 37 17 5 36 29 6 24 45 34 18 26 20 48 13 50 7 27 41 12 33 10 38 47 2 49 1 28 40 15 30 23 46 32 9 16 31 43 14 44 19 39 4 22 42 25
27 15 3 12 11 21 5 9 17 7 19 10 44 24 36 42 35 29 40 14 37 46 41 16 32 8 25 13 4 33 2 38 39 18 20 28 22 26 1 45 23 30 6 31 34 43
24 10 11 40 25 9 32 34 38 15 28 36 14 44 46 7 33 23 2 31 29 45 16 37 43 30 13 22 4 17 18 12 20 6 8 1 26 41 3 39 19 21 42 35 5 27
31 7 26 27 10 48 25 38 17 12 9 3 20 44 14 23 45 35 29 22 24 15 4 5 36 37 2 1 40 21 13 16 28 18 34 32 11 30 39 8 19 33 6 41 47 43 49 42 46 50
12 35 17 21 9 41 43 23 39 24 5 2 4 15 25 34 48 8 32 26 1 13 40 22 45 10 16 20 18 28 49 33 3 50 38 36 47 29 44 42 30 11 14 7 6 19 37 27 31 46
17 16 3 8 9 26 25 24 7 1 2 15 6 4 5 10 11 19 18 20 14 13 12 21 22 23
14 3 27 11 26 24 22 25 29 6 8 30 19 7 12 10 23 9 4 2 17 1 16 5 18 28 20 13 15 21
41 40 42 31 32 33 22 24 23 13 14 15 5 6 4 3 2 12 11 10 20 21 19 30 29 28 39 38 37 1 8 9 7 18 17 16 27 26 25 36 35 34 44 43
10 42 23 48 49 13 45 39 37 20 6 21 7 33 4 38 30 11 26 29 1 34 8 36 35 12 32 9 2 43 40 5 15 44 3 31 18 46 16 19 22 17 25 14 28 41 24 50 27 47
2 15 10 30 12 23 24 19 17 37 33 13 3 44 16 43 47 1 8 40 9 45 20 27 39 41 42 5 29 26 38 50 22 32 35 31 4 36 11 6 49 25 21 18 7 14 48 34 28 46
22 29 7 20 14 27 43 47 49 6 25 32 48 40 39 17 10 37 46 36 2 24 16 13 35 21 4 42 23 26 31 38 45 50 3 15 1 9 19 28 33 30 41 44 8 12 5 11 18 34
27 11 30 5 40 35 31 8 34 24 1 19 43 3 38 14 23 6 10 12 32 44 36 21 25 46 17 22 39 13 47 9 16 37 15 28 50 4 2 42 45 20 26 29 7 18 48 49 33 41
14 13 2 1 46 27 42 41 40 18 17 16 15 48 7 33 32 31 43 38 39 30 29 22 4 24 21 20 6 5 23 3 49 50 10 11 12 26 25 47 9 8 19 28 37 34 35 36 44 45
22 28 33 13 38 21 15 40 25 1 44 37 8 24 10 6 48 42 17 18 47 16 4 23 32 36 30 27 50 5 35 2 11 39 3 43 41 12 20 14 49 19 34 9 46 26 29 7 45 31
44 4 35 27 9 15 33 40 10 41 28 30 3 20 32 36 14 46 31 25 26 13 21 42 37 5 24 29 18 11 8 38 2 23 7 1 16 34 43 19 47 12 22 6 39 17 45 48
44 45 32 31 30 29 28 27 26 25 36 35 34 38 39 40 33 12 11 10 14 13 5 4 3 6 7 43 42 46 47 21 22 23 24 17 18 19 20 1 8 2 15 16 9 37 41 48
4 17 25 15 26 2 31 16 32 6 27 8 5 9 18 23 20 12 30 3 24 19 21 13 10 29 28 1 22 14 11 7
1 2 26 4 3 46 47 6 5 44 45 8 7 42 43 10 9 40 41 12 11 38 39 14 13 36 37 16 15 34 35 18 17 32 33 20 19 30 31 23 24 28 29 21 22 27 50 25 48 49
14 10 12 8 2 6 11 9 4 5 13 15 1 7 3 16
1 22 15 9 14 4 13 6 26 23 5 20 8 24 2 10 17 21 19 16 11 7 25 12 3 18
